[
  ["4E-BP1",1,0.11453824,0.036710479,0.110546509,-0.042542968,-0.206957107,0.26338671,0.163242396,-0.627239657,-0.135156431,-0.43327153,-0.307031228,0.03874748,0.165918893,-0.202733374,0.250889894,0.282010141,0.377448068,0.317745775,-0.151867778,0.076730153,-0.024615481,0.005433103,-0.326067807,0.055113023,0.333184323,0.202221636,0.270129644,-0.9,0,0,0,0,0,0,0,0,0,0,0,-0.9,-0.9  ],
  ["5'-NT",0.11453824,1,-0.265673311,0.181026599,0.11372632,-0.152496724,0.085238159,-0.323230898,-0.112352129,-0.312344114,-0.283252239,-0.665370128,0.081051145,0.065460252,-0.158071987,-0.181877689,-0.102602884,0.183770765,0.40502691,-0.315163011,0.336987679,-0.338957465,-0.017439672,0.133426702,0.276031852,-0.122771106,0.29600437,0.009239088,-0.9,0,0,0,0,0,0,0,0,0,0,0,0,0  ],
  ["AARSD1",0.036710479,-0.265673311,1,-0.12861655,-0.009066997,-0.112739473,-0.017781849,0.279235485,0.024198416,0.313820638,0.269089048,0.339321602,0.026274262,0.170636564,0.246688412,0.215784801,0.14940675,0.225124702,-0.303691791,0.03689671,0.323782834,-0.126778648,0.120657549,0.123148624,0.015892006,-0.135993365,-0.264699697,-0.045663901,0,0,0,0,0,0,0,0,0,0,0,0,0,0  ],
  ["ABHD14B",0.110546509,0.181026599,-0.12861655,1,0.420121005,0.010675636,0.34087098,-0.207304473,-0.342799416,0.355404244,-0.05997035,-0.148766926,-0.517353462,0.04236994,-0.206927148,-0.214181545,-0.080433193,0.396393788,-0.150528838,-0.220970306,0.283894617,-0.385866339,-0.303733855,0.192099811,0.287408019,-0.102266661,-0.174477208,0.017208938,0,0,0,0,0,0,0,0,0,0,0,0,0,0  ],
  ["ABL1",-0.042542968,0.11372632,-0.009066997,0.420121005,1,0.018304045,0.037343078,-0.043427475,-0.211155027,0.184055831,0.051439219,-0.006944453,0.023884727,-0.066165341,0.312684963,-0.03442112,-0.106539883,-0.047422548,-0.052471153,0.297382487,0.198493127,0.04840198,0.236641002,0.049871909,-0.194972539,-0.133813459,0.173479539,-0.251933191,0,0,0,0,0,0,0,0,0,0,0,0,0,0  ],
  ["ACAN",-0.206957107,-0.152496724,-0.112739473,0.010675636,0.018304045,1,-0.024089241,0.073394666,-0.092648491,0.193326237,-0.026422798,0.111661039,-0.044005776,-0.153369727,-0.063756743,-0.110372913,0.297889148,-0.204076498,-0.189732756,0.585266052,-0.113847539,0.092266265,-0.20739171,0.153202012,-0.027498361,0.142445055,-0.379641543,-0.399954502,0,0,0,0,0,0,0,0,0,0,0,0,0,0  ],
  ["ACE2",0.26338671,0.085238159,-0.017781849,0.34087098,0.037343078,-0.024089241,1,0.274174288,-0.403029192,-0.143694508,0.041266435,-0.227706241,-0.346952598,0.21014191,-0.505882961,0.076250402,0.2223871,0.282722926,-0.027305856,-0.170743637,0.589005911,-0.112725714,0.037119919,0.413735645,-0.168301352,0.041665759,-0.062681233,0.195327442,0,0,0,0,0,0,0,0,0,0,0,0,0,0  ],
  ["ACP6",0.163242396,-0.323230898,0.279235485,-0.207304473,-0.043427475,0.073394666,0.274174288,1,0.018839514,0.098032029,0.319760344,0.527761341,0.013459133,0.393796734,0.196616373,0.157656013,0.570426417,0.085372836,-0.132067283,0.060578341,0.172621675,0.060902913,0.13178259,0.102243494,-0.358040757,0.302374586,-0.244450179,-0.337568284,0,0,0,0,0,0,0,0,0,0,0,0,0,0  ],
  ["ADA",-0.627239657,-0.112352129,0.024198416,-0.342799416,-0.211155027,-0.092648491,-0.403029192,0.018839514,1,-0.041012478,0.298361773,0.376723962,0.014940238,-0.127452965,0.206089712,0.058895598,-0.195533519,-0.233026375,-0.210165,0.156270948,-0.350129266,0.076132505,-0.024252625,-0.12480898,0.19435535,-0.227209492,-0.106437137,-0.047105862,0,0,0,0,0,0,0,0,0,0,0,0,0,0  ],
  ["ADAM 22",-0.135156431,-0.312344114,0.313820638,0.355404244,0.184055831,0.193326237,-0.143694508,0.098032029,-0.041012478,1,0.22659625,0.54995257,-0.39156898,0.372515593,0.302731938,-0.083115883,0.202815548,0.324489828,-0.096051939,0.050861078,-0.102435186,0.079628736,-0.204350048,0.01929269,-0.038893172,0.131128193,-0.348728126,-0.499262856,0,0,0,0,0,0,0,0,0,0,0,0,0,0  ],
  ["ADAM 23",-0.43327153,-0.283252239,0.269089048,-0.05997035,0.051439219,-0.026422798,0.041266435,0.319760344,0.298361773,0.22659625,1,0.588286822,0.020350727,0.01447597,0.338391719,0.080413066,0.11866788,-0.254337929,-0.589796772,0.099699401,0.022003372,-0.142246022,0.007675252,0.153676332,-0.200643658,0.041683693,-0.374229007,-0.438235141,0,0,0,0,0,0,0,0,0,0,0,0,0,0  ],
  ["ADAM 8",-0.307031228,-0.665370128,0.339321602,-0.148766926,-0.006944453,0.111661039,-0.227706241,0.527761341,0.376723962,0.54995257,0.588286822,1,-0.188322929,0.213863449,0.384353368,-0.000979162,0.215645716,-0.118315565,-0.389594458,0.298789405,-0.14057122,0.058353572,0.080620917,-0.088302466,-0.200825126,0.153632375,-0.409501849,-0.413300553,0,0,0,0,0,0,0,0,0,0,0,0,0,0  ],
  ["ADAM-TS 15",0.03874748,0.081051145,0.026274262,-0.517353462,0.023884727,-0.044005776,-0.346952598,0.013459133,0.014940238,-0.39156898,0.020350727,-0.188322929,1,-0.176331423,0.528697232,0.226412739,-0.037654896,-0.221348402,-0.021695902,0.057761515,-0.211119281,0.111632702,0.177273266,-0.213234465,-0.348202389,-0.078484884,0.235128755,-0.108934249,0,0,0,0,0,0,0,0,0,0,0,0,0,0  ],
  ["ADAM-TS13",0.165918893,0.065460252,0.170636564,0.04236994,-0.066165341,-0.153369727,0.21014191,0.393796734,-0.127452965,0.372515593,0.01447597,0.213863449,-0.176331423,1,0.055403745,-0.090481682,0.364030858,0.660860565,0.134505202,-0.270477804,0.244809371,0.15925266,-0.098647162,-0.033609404,-0.301538725,0.195448846,-0.04255579,-0.336322905,0,0,0,0,0,0,0,0,0,0,0,0,0,0  ],
  ["ADGRE2",-0.202733374,-0.158071987,0.246688412,-0.206927148,0.312684963,-0.063756743,-0.505882961,0.196616373,0.206089712,0.302731938,0.338391719,0.384353368,0.528697232,0.055403745,1,0.144417425,0.024465358,-0.153188984,-0.267011794,0.169820387,-0.350870651,-0.000170137,-0.099955161,-0.287975452,-0.30747234,-0.040679305,0.023459129,-0.399907387,0,0,0,0,0,0,0,0,0,0,0,0,0,0  ],
  ["ADGRG1",0.250889894,-0.181877689,0.215784801,-0.214181545,-0.03442112,-0.110372913,0.076250402,0.157656013,0.058895598,-0.083115883,0.080413066,-0.000979162,0.226412739,-0.090481682,0.144417425,1,-0.166931705,0.087025889,0.054624937,0.205894782,-0.283622296,0.130360518,0.239426081,-0.355719992,-0.190574315,-0.118978357,0.111375933,0.215090411,0,0,0,0,0,0,0,0,0,0,0,0,0,0  ],
  ["ADGRG2",0.282010141,-0.102602884,0.14940675,-0.080433193,-0.106539883,0.297889148,0.2223871,0.570426417,-0.195533519,0.202815548,0.11866788,0.215645716,-0.037654896,0.364030858,0.024465358,-0.166931705,1,0.153867503,-0.055902645,0.020912259,0.161902687,0.20070253,-0.204729728,-0.078056976,0.036889531,0.752640077,-0.274347998,-0.377275271,0,0,0,0,0,0,0,0,0,0,0,0,0,0  ],
  ["ADM",0.377448068,0.183770765,0.225124702,0.396393788,-0.047422548,-0.204076498,0.282722926,0.085372836,-0.233026375,0.324489828,-0.254337929,-0.118315565,-0.221348402,0.660860565,-0.153188984,0.087025889,0.153867503,1,0.162823733,-0.369256329,0.268039269,-0.132095806,-0.149911083,-0.020697771,0.140632166,0.057114436,-0.043744355,0.121245865,0,0,0,0,0,0,0,0,0,0,0,0,0,0  ],
  ["AGR2",0.317745775,0.40502691,-0.303691791,-0.150528838,-0.052471153,-0.189732756,-0.027305856,-0.132067283,-0.210165,-0.096051939,-0.589796772,-0.389594458,-0.021695902,0.134505202,-0.267011794,0.054624937,-0.055902645,0.162823733,1,-0.241686018,0.047814627,0.336655457,0.359611366,-0.054581827,-0.026585081,0.263006632,0.600569413,0.085263274,0,0,0,0,0,0,0,0,0,0,0,0,0,0  ],
  ["AGR3",-0.151867778,-0.315163011,0.03689671,-0.220970306,0.297382487,0.585266052,-0.170743637,0.060578341,0.156270948,0.050861078,0.099699401,0.298789405,0.057761515,-0.270477804,0.169820387,0.205894782,0.020912259,-0.369256329,-0.241686018,1,-0.228233423,0.180744566,0.219090269,-0.211082768,-0.028532431,-0.072731145,-0.115012009,-0.175139426,0,0,0,0,0,0,0,0,0,0,0,0,0,0  ],
  ["AGRP",0.076730153,0.336987679,0.323782834,0.283894617,0.198493127,-0.113847539,0.589005911,0.172621675,-0.350129266,-0.102435186,0.022003372,-0.14057122,-0.211119281,0.244809371,-0.350870651,-0.283622296,0.161902687,0.268039269,0.047814627,-0.228233423,1,-0.369730747,0.339490166,0.574520754,0.012510715,-0.058707952,-0.018470174,0.028376825,0,0,0,0,0,0,0,0,0,0,0,0,0,0  ],
  ["AHCY",-0.024615481,-0.338957465,-0.126778648,-0.385866339,0.04840198,0.092266265,-0.112725714,0.060902913,0.076132505,0.079628736,-0.142246022,0.058353572,0.111632702,0.15925266,-0.000170137,0.130360518,0.20070253,-0.132095806,0.336655457,0.180744566,-0.369730747,1,0.126465222,-0.278417343,-0.430219872,0.302712413,0.202822731,-0.250875734,0,0,0,0,0,0,0,0,0,0,0,0,0,0  ],
  ["AIFM1",0.005433103,-0.017439672,0.120657549,-0.303733855,0.236641002,-0.20739171,0.037119919,0.13178259,-0.024252625,-0.204350048,0.007675252,0.080620917,0.177273266,-0.098647162,-0.099955161,0.239426081,-0.204729728,-0.149911083,0.359611366,0.219090269,0.339490166,0.126465222,1,0.199531115,-0.221411274,-0.073804817,0.175583436,0.037002527,0,0,0,0,0,0,0,0,0,0,0,0,0,0  ],
  ["AKT1S1",-0.326067807,0.133426702,0.123148624,0.192099811,0.049871909,0.153202012,0.413735645,0.102243494,-0.12480898,0.01929269,0.153676332,-0.088302466,-0.213234465,-0.033609404,-0.287975452,-0.355719992,-0.078056976,-0.020697771,-0.054581827,-0.211082768,0.574520754,-0.278417343,0.199531115,1,-0.065548368,-0.184608228,-0.251333443,-0.135792529,0,0,0,0,0,0,0,0,0,0,0,0,0,0  ],
  ["ALCAM",0.055113023,0.276031852,0.015892006,0.287408019,-0.194972539,-0.027498361,-0.168301352,-0.358040757,0.19435535,-0.038893172,-0.200643658,-0.200825126,-0.348202389,-0.301538725,-0.30747234,-0.190574315,0.036889531,0.140632166,-0.026585081,-0.028532431,0.012510715,-0.430219872,-0.221411274,-0.065548368,1,0.058569238,-0.122414668,0.371831022,0,0,0,0,0,0,0,0,0,0,0,0,0,0  ],
  ["ALDH1A1",0.333184323,-0.122771106,-0.135993365,-0.102266661,-0.133813459,0.142445055,0.041665759,0.302374586,-0.227209492,0.131128193,0.041683693,0.153632375,-0.078484884,0.195448846,-0.040679305,-0.118978357,0.752640077,0.057114436,0.263006632,-0.072731145,-0.058707952,0.302712413,-0.073804817,-0.184608228,0.058569238,1,-0.023959228,-0.241620786,0,0,0,0,0,0,0,0,0,0,0,0,0,0  ],
  ["ALDH3A1",0.202221636,0.29600437,-0.264699697,-0.174477208,0.173479539,-0.379641543,-0.062681233,-0.244450179,-0.106437137,-0.348728126,-0.374229007,-0.409501849,0.235128755,-0.04255579,0.023459129,0.111375933,-0.274347998,-0.043744355,0.600569413,-0.115012009,-0.018470174,0.202822731,0.175583436,-0.251333443,-0.122414668,-0.023959228,1,0.259356189,0,0,0,0,0,0,0,0,0,0,0,0,0,0  ],
  ["Alpha-2-MRAP",0.270129644,0.009239088,-0.045663901,0.017208938,-0.251933191,-0.399954502,0.195327442,-0.337568284,-0.047105862,-0.499262856,-0.438235141,-0.413300553,-0.108934249,-0.336322905,-0.399907387,0.215090411,-0.377275271,0.121245865,0.085263274,-0.175139426,0.028376825,-0.250875734,0.037002527,-0.135792529,0.371831022,-0.241620786,0.259356189,1,0,0,0,0,0,0,0,0,0,0,0,0,0,0  ],
  ["Gene1",-0.9,-0.9,0,0,0,0,0,0,0,0,0,0,0,0,0,0,0,0,0,0,0,0,0,0,0,0,0,0,1,0.255113023,-0.476031852,0.35892006,0.287408019,-0.194972539,0,0,0,0,0,0,0,0,0,0  ],
  ["Gene2",0,0,0,0,0,0,0,0,0,0,0,0,0,0,0,0,0,0,0,0,0,0,0,0,0,0,0,0,-0.379641543,1,0.055113023,-0.476031852,0.35892006,0.287408019,0,0,0,0,0,0,0  ],
  ["Gene3",0,0,0,0,0,0,0,0,0,0,0,0,0,0,0,0,0,0,0,0,0,0,0,0,0,0,0,0,0.055113023,-0.476031852,1,0,0,0,0,0,0,0,0,0,0,0  ],
  ["Gene4",0,0,0,0,0,0,0,0,0,0,0,0,0,0,0,0,0,0,0,0,0,0,0,0,0,0,0,0,-0.174477208,0.173479539,-0.379641543,1,-0.244450179,-0.106437137,0,0,0,0,0,0,0  ],
  ["Gene5",0,0,0,0,0,0,0,0,0,0,0,0,0,0,0,0,0,0,0,0,0,0,0,0,0,0,0,0,0.287408019,-0.194972539,-0.027498361,-0.168301352,1,0.19435535,0,0,0,0,0,0,0  ],
  ["Gene6",0,0,0,0,0,0,0,0,0,0,0,0,0,0,0,0,0,0,0,0,0,0,0,0,0,0,0,0,0.276031852,0.015892006,0.287408019,-0.194972539,-0.027498361,1,0,0,0,0,0,0,0  ],
  ["Gene7",0,0,0,0,0,0,0,0,0,0,0,0,0,0,0,0,0,0,0,0,0,0,0,0,0,0,0,0,0.015892006,0.287408019,-0.194972539,-0.027498361,-0.168301352,-0.358040757,1,0,0,0,0,0,0  ],
  ["Metabolite1",0,0,0,0,0,0,0,0,0,0,0,0,0,0,0,0,0,0,0,0,0,0,0,0,0,0,0,0,0,0,0,0,0,0,0,1,0.287408019,-0.194972539,-0.027498361,-0.168301352,-0.358040757,1  ],
  ["Metabolite2",0,0,0,0,0,0,0,0,0,0,0,0,0,0,0,0,0,0,0,0,0,0,0,0,0,0,0,0,0,0,0,0,0,0,0,0.15892006,1,-0.194972539,-0.027498361,-0.168301352,-0.358040757,1  ],
  ["Metabolite3",0,0,0,0,0,0,0,0,0,0,0,0,0,0,0,0,0,0,0,0,0,0,0,0,0,0,0,0,0,0,0,0,0,0,0,0.25892006,0.287408019,1,-0.027498361,-0.168301352,-0.358040757,1  ],
  ["Metabolite4",0,0,0,0,0,0,0,0,0,0,0,0,0,0,0,0,0,0,0,0,0,0,0,0,0,0,0,0,0,0,0,0,0,0,0,-0.15892006,0.287408019,-0.194972539,1,-0.168301352,-0.358040757,1  ],
  ["Metabolite5",0,0,0,0,0,0,0,0,0,0,0,0,0,0,0,0,0,0,0,0,0,0,0,0,0,0,0,0,0,0,0,0,0,0,0,0.287408019,-0.194972539,-0.027498361,-0.168301352,1,-0.3],
  ["Metabolite6",0,0,0,0,0,0,0,0,0,0,0,0,0,0,0,0,0,0,0,0,0,0,0,0,0,0,0,0,0,0,0,0,0,0,0,-0.35892006,0.287408019,-0.194972539,-0.027498361,-0.168301352,1,1 ],
  ["Metabolite7",-0.9,0,0,0,0,0,0,0,0,0,0,0,0,0,0,0,0,0,0,0,0,0,0,0,0,0,0,0,0,0,0,0,0,0,0.015892006,0.287408019,-0.194972539,-0.027498361,-0.168301352,-0.358040757,0.3  ]
]